Country_Annual_Real_GDP_1,Government_Effective_Expenses_1_1
NA,200
3596.603694,50.5
3501.411634,50.5
3413.038804,50.5
3296.223416,50.5
3264.881055,165.9032614
3247.317155,165.9032614
3222.72982,165.9032614
3226.027103,165.9032614
3264.466087,169.9822907
3295.426438,169.9822907
3340.432253,169.9822907
3396.444323,169.9822907
3434.223885,199.7627237
3471.620429,199.7627237
3499.59863,199.7627237
3532.091986,199.7627237
3570.772183,206.7547767
3598.591287,206.7547767
3614.891416,206.7547767
3622.247285,206.7547767
3619.817812,208.1060694
3615.243749,208.1060694
3619.364732,208.1060694
3618.712644,208.1060694
3634.240419,214.5659821
3643.126317,214.5659821
3649.034183,214.5659821
3653.741,214.5659821
3648.854928,215.4711009
3652.824167,215.4711009
3648.589845,215.4711009
3646.152273,215.4711009
3639.077869,210.2357857
3641.605211,210.2357857
3648.427482,210.2357857
3653.308231,210.2357857
3661.964456,217.2623555
3659.104682,217.2623555
3659.2337,217.2623555
3648.771195,217.2623555
3640.281428,220.607754
3630.251186,220.607754
3626.400301,220.607754
3627.5093,220.607754
3628.142939,221.7881449
3620.192252,221.7881449
3626.352638,221.7881449
3638.050128,221.7881449
3625.913384,223.5064454
3601.823277,223.5064454
3578.418697,223.5064454
3552.114711,223.5064454
3545.239792,216.6559549
3548.272028,216.6559549
3536.943926,216.6559549
3526.36187,216.6559549
3507.474111,220.7668051
3514.118614,220.7668051
3508.651308,220.7668051
3508.402418,220.7668051
3529.121684,225.9909502
3484.040152,225.9909502
3475.186407,225.9909502
3473.962717,225.9909502
3481.19685,227.5368302
3519.812162,227.5368302
3561.648557,227.5368302
3579.461814,227.5368302
3573.344049,244.3235636
3581.759138,244.3235636
3578.613398,244.3235636
3584.846805,244.3235636
3615.243828,243.9251568
3641.399431,243.9251568
3664.950377,243.9251568
3709.324646,243.9251568
3741.128058,263.8806518
3795.568791,263.8806518
3842.266138,263.8806518
3884.53159,263.8806518
3932.245137,269.5045709
3983.001008,269.5045709
4027.726819,269.5045709
4072.486394,269.5045709
4104.276497,273.096781
4114.110896,273.096781
4123.512697,273.096781
4123.596538,273.096781
4107.667688,285.4896584
4066.324312,285.4896584
4054.961978,285.4896584
4065.88969,285.4896584
4070.744182,286.1814745
4146.065147,286.1814745
4160.231351,286.1814745
4181.279433,286.1814745
4134.91971,285.233281
4075.283588,285.233281
4090.735272,285.233281
4036.421828,285.233281
4090.698725,284.8200194
4125.998197,284.8200194
4100.593452,284.8200194
4077.318281,284.8200194
4063.746079,300.734667
4040.644992,300.734667
4036.240192,300.734667
4050.834087,300.734667
4050.488285,296.5443691
4054.777837,296.5443691
4012.499173,296.5443691
4007.735579,296.5443691
3998.964866,298.3690694
3987.832298,298.3690694
4025.591933,298.3690694
4038.981618,298.3690694
4007.323241,307.606652
4012.787871,307.606652
4013.894669,307.606652
4030.856733,307.606652
4046.043341,310.3957626
4016.517449,310.3957626
3997.171009,310.3957626
3990.441381,310.3957626
4021.109484,312.3609524
4064.733037,312.3609524
4087.453778,312.3609524
4068.984711,312.3609524
4071.21651,330.1065218
4095.125928,330.1065218
4100.641895,330.1065218
4126.539195,330.1065218
4113.022027,331.1927785
4126.476987,331.1927785
4094.256748,331.1927785
4102.160144,331.1927785
4148.517274,335.5016568
4160.355396,335.5016568
4191.310273,335.5016568
4196.385485,335.5016568
4182.940396,342.6585218
4181.019525,342.6585218
4219.921287,342.6585218
4244.33576,342.6585218
4266.028225,358.2032706
4289.21836,358.2032706
4333.425069,358.2032706
4379.248794,358.2032706
4416.45795,351.7126687
4479.736469,351.7126687
4495.090594,351.7126687
4504.958055,351.7126687
4513.622982,358.0788153
4473.286835,358.0788153
4483.512106,358.0788153
4472.574295,358.0788153
4446.920624,380.4968563
4417.87744,380.4968563
4328.590343,380.4968563
4330.876428,380.4968563
4295.074612,378.3283921
4255.647951,378.3283921
4240.929353,378.3283921
4205.608787,378.3283921
4203.712569,368.6655555
4210.084035,368.6655555
4265.706247,368.6655555
4225.016664,368.6655555
4258.957847,383.7342544
4341.285222,383.7342544
4397.565275,383.7342544
4438.25496,383.7342544
4453.510543,418.9975189
4487.817371,418.9975189
4493.158237,418.9975189
4600.063603,418.9975189
4600.090767,427.7978313
4601.338737,427.7978313
4657.039969,427.7978313
4711.772423,427.7978313
4789.763725,429.1909874
4792.283005,429.1909874
4712.330167,429.1909874
4647.227101,429.1909874
4635.589597,446.9251978
4679.327555,446.9251978
4725.032901,446.9251978
4779.154341,446.9251978
4797.969817,446.5520198
4791.660607,446.5520198
4819.078071,446.5520198
4772.095551,446.5520198
4803.845875,454.9976844
4768.375884,454.9976844
4758.273413,454.9976844
4819.045318,454.9976844
4806.220681,458.0421111
4852.83229,458.0421111
4790.906547,458.0421111
4787.0868,458.0421111
4777.805084,471.4800348
4736.661605,471.4800348
4798.227373,471.4800348
4687.923832,471.4800348
4689.327996,475.6651581
4696.111751,475.6651581
4689.364481,475.6651581
4765.180942,475.6651581
4750.870924,483.4488192
4783.223823,483.4488192
4802.33723,483.4488192
4829.596699,483.4488192
4850.941291,499.8059981
4918.015519,499.8059981
4946.585676,499.8059981
4990.977834,499.8059981
5049.50087,504.2164442
5038.358051,504.2164442
5078.691347,504.2164442
5047.925025,504.2164442
5041.431745,523.5932908
5010.698725,523.5932908
4997.642531,523.5932908
5034.340301,523.5932908
4973.122133,532.8580099
4982.545438,532.8580099
4991.685251,532.8580099
4993.381157,532.8580099
5043.792483,541.5095387
5061.269731,541.5095387
5006.965714,541.5095387
5045.114103,541.5095387
5086.55126,553.5964311
5105.937911,553.5964311
5147.973152,553.5964311
5068.887946,553.5964311
5029.996415,548.454497
4956.171126,548.454497
4880.209713,548.454497
4872.083694,548.454497
4845.01071,559.2509626
4832.858212,559.2509626
4865.986378,559.2509626
4915.818623,559.2509626
4925.50596,581.0921157
4925.424839,581.0921157
4862.652706,581.0921157
4778.534773,581.0921157
4721.174621,572.4458402
4704.887297,572.4458402
4779.583131,572.4458402
4837.990884,572.4458402
4878.150311,609.8612507
4909.461373,609.8612507
4929.439523,609.8612507
4862.361105,609.8612507
4881.443043,624.7920658
4964.640423,624.7920658
4985.514218,624.7920658
5082.224837,624.7920658
5129.439313,646.9996673
5138.652972,646.9996673
5185.61022,646.9996673
5216.140714,646.9996673
5270.552299,649.8801327
5207.400615,649.8801327
5017.804368,649.8801327
4946.668896,649.8801327
4861.068542,629.7038467
4865.122124,629.7038467
4987.584125,629.7038467
5074.551196,629.7038467
5086.336079,679.2641664
5118.490475,679.2641664
5149.017808,679.2641664
5186.802317,679.2641664
5264.263882,684.7571933
5338.134615,684.7571933
5435.130977,684.7571933
5464.678929,684.7571933
5426.873679,712.9227054
5399.504385,712.9227054
5352.054504,712.9227054
5325.627429,712.9227054
5414.272054,710.3425462
5423.865677,710.3425462
5414.696011,710.3425462
5286.200078,710.3425462
5146.625919,729.6859073
5110.347868,729.6859073
5096.618161,729.6859073
5198.851003,729.6859073
5237.847758,735.1864972
5234.009422,735.1864972
5217.605286,735.1864972
5172.604715,735.1864972
5155.24328,739.6671675
5159.929689,739.6671675
5119.639156,739.6671675
5100.414032,739.6671675
5077.858947,739.3358096
5092.923985,739.3358096
5124.306137,739.3358096
5147.418529,739.3358096
5179.33552,774.596124
5147.337915,774.596124
5138.04422,774.596124
5145.249615,774.596124
5126.317308,775.7672345
5146.818289,775.7672345
5152.831672,775.7672345
5178.281684,775.7672345
5207.516934,801.0926045
5191.258271,801.0926045
5198.809115,801.0926045
5169.765875,801.0926045
5217.084317,809.431632
5286.667062,809.431632
5332.538422,809.431632
5421.716858,809.431632
5440.341325,906.5745463
5395.225384,906.5745463
5443.711539,906.5745463
5464.499891,906.5745463
5454.043979,926.9014238
5323.508685,926.9014238
5279.852259,926.9014238
5236.970229,926.9014238
5248.363113,840.3699959
5408.378643,840.3699959
5341.945584,840.3699959
5302.771028,840.3699959
5276.334759,896.596832
5261.376453,896.596832
5341.532404,896.596832
5287.484115,896.596832
5342.316242,902.5238674
5396.472353,902.5238674
5216.170241,902.5238674
5263.054049,902.5238674
5180.256825,918.5465732
5074.432529,918.5465732
5204.600746,918.5465732
5164.308302,918.5465732
5153.244605,900.503116
5193.697565,900.503116
5217.813691,900.503116
5243.079193,900.503116
5278.780382,952.2661627
5298.282191,952.2661627
5348.795668,952.2661627
5399.870599,952.2661627
5487.90786,1016.033958
5580.878011,1016.033958
5582.654838,1016.033958
5636.843039,1016.033958
5620.562618,1108.156784
5670.853994,1108.156784
5776.610229,1108.156784
5780.168034,1108.156784
5797.68814,1127.335015
5709.874464,1127.335015
5578.779875,1127.335015
5467.465887,1127.335015
5421.53257,1022.862166
5404.619498,1022.862166
5496.042842,1022.862166
5479.155059,1022.862166
5386.902018,1059.77624
5343.530584,1059.77624
5263.721509,1059.77624
5384.375764,1059.77624
5496.995516,1017.463328
5571.137194,1017.463328
5458.172991,1017.463328
5351.36552,1017.463328
5316.379061,1070.435419
5223.210767,1070.435419
5256.727355,1070.435419
5264.541382,1070.435419
5234.737055,1034.965523
5241.522793,1034.965523
5301.991317,1034.965523
5319.188688,1034.965523
5356.23513,1104.302589
5369.662352,1104.302589
5393.366457,1104.302589
5425.752472,1104.302589
5410.989721,1147.218519
5473.62405,1147.218519
5285.222025,1147.218519
5229.05625,1147.218519
5182.998813,1098.327772
4995.921456,1098.327772
5098.50765,1098.327772
5112.048518,1098.327772
5110.700587,1070.129468
5172.281769,1070.129468
5216.855437,1070.129468
5172.871134,1070.129468
5203.156229,1131.565357
5199.572643,1131.565357
5043.498076,1131.565357
5055.242921,1131.565357
5088.271167,1138.854068
5168.208261,1138.854068
5412.944266,1138.854068
5565.208449,1138.854068
5601.544052,1364.728968
5707.916604,1364.728968
5760.69707,1364.728968
5820.547845,1364.728968
5879.353752,1418.852642
5862.552786,1418.852642
5903.588439,1418.852642
5941.793262,1418.852642
5844.085385,1423.408751
5862.609887,1423.408751
5831.134812,1423.408751
5718.47146,1423.408751
5780.158819,1368.078709
5786.915061,1368.078709
5702.663605,1368.078709
5777.628781,1368.078709
5831.759478,1378.035849
5905.019104,1378.035849
5991.132957,1378.035849
5919.056986,1378.035849
5957.801199,1501.704612
5938.539348,1501.704612
5994.058052,1501.704612
5908.684597,1501.704612
5897.159123,1513.068331
5908.814733,1513.068331
5907.091147,1513.068331
6129.162918,1513.068331
6032.754723,1593.779912
6063.020676,1593.779912
6159.184703,1593.779912
6236.419741,1593.779912
6538.863131,1692.405651
6612.487594,1692.405651
6749.320555,1692.405651
6788.040414,1692.405651
6705.471457,1732.739784
6599.360356,1732.739784
6500.800189,1732.739784
6544.580601,1732.739784
6587.943186,1753.60748
6577.760784,1753.60748
6480.79191,1753.60748
6304.857974,1753.60748
6190.967011,1765.462442
6323.163187,1765.462442
6445.408838,1765.462442
6657.641296,1765.462442
6890.834198,1844.158886
7032.292525,1844.158886
6947.964477,1844.158886
6977.594271,1844.158886
7025.275158,1906.383063
6912.63934,1906.383063
6558.995369,1906.383063
6444.402974,1906.383063
6218.818428,1815.319924
6210.976098,1815.319924
6439.743142,1815.319924
6376.863257,1815.319924
6422.605202,1899.100407
6409.845043,1899.100407
6643.450157,1899.100407
6771.769355,1899.100407
6631.158865,2028.930436
6710.063412,2028.930436
6721.773994,2028.930436
6799.272071,2028.930436
6806.124558,2087.904442
6615.082821,2087.904442
6527.860382,2087.904442
6510.143088,2087.904442
6585.252072,2094.732513
6641.803942,2094.732513
6693.502108,2094.732513
6644.960321,2094.732513
6601.018558,2114.282964
6650.160192,2114.282964
6697.618039,2114.282964
6650.803242,2114.282964
6726.677477,2125.597177
6786.515518,2125.597177
6787.513848,2125.597177
6929.327988,2125.597177
7009.652765,2234.788325
6981.646897,2234.788325
6838.011992,2234.788325
6536.215085,2234.788325
6443.957607,2161.599058
6495.87037,2161.599058
6678.700453,2161.599058
6958.582479,2161.599058
