Country_Annual_Real_GDP_MC_1	Country_Energy_Intensity_MC_1	Country_Emissions_MC_1	Country_Carbon_Intensity_MC_1	Country_Domestic_Energy_Demand_MC_1
NA	NA	NA	NA	NA
2175.11721	0.2349003929	193.4127846	0.3631365659	120.7076712
2158.568536	0.2356374112	189.9361229	0.3577279495	170.682132
2135.343402	0.2383678938	187.9939028	0.3585789075	228.4078158
2127.802473	0.334356153	237.8784921	0.4405494094	289.5872041
1935.109756	0.5579400667	238.6221452	0.7031113428	305.8229934
1657.214206	0.6387513775	199.4560383	0.7898475844	290.1295039
1376.142229	0.495441358	146.6862734	0.6082687428	264.5401914
1074.863498	0.3936038895	121.2111938	0.5109994063	242.1743898
965.3099507	0.3487543221	106.5501584	0.4629487637	211.6960368
956.435366	0.3713918126	119.6607256	0.4922679821	186.5319827
914.3200355	0.4120347674	112.1191935	0.560746045	178.8704927
799.6009087	0.4719725579	78.75977517	0.6555468159	168.5957181
680.6521307	0.3491488293	51.77189881	0.4710039552	151.9659979
527.730767	0.4278657569	46.99045026	0.5832953281	150.6865477
418.5701692	0.2907460006	38.00295097	0.4193868956	138.5765467
395.2598891	0.2837397819	40.20069757	0.3985212205	124.1381005
395.1177253	0.2200499281	37.16835846	0.3318452872	119.1099171
418.9299543	0.2114886002	37.3373873	0.3215583141	120.3769681
448.4458154	0.2208556574	40.50168873	0.3328208072	121.1066666
480.0692717	0.2247739128	44.53610583	0.3360267268	122.837679
513.3034325	0.2219258619	48.27269111	0.3328049495	125.2650909
552.396329	0.2240980363	51.7092701	0.3345662248	128.2680572
592.6328367	0.2256283002	54.53866846	0.3362968905	131.9758344
633.3002298	0.2271901392	58.65681465	0.3378857279	136.2657913
678.7162866	0.2318540314	65.38240026	0.3418429168	140.5364754
731.4730323	0.2324456194	70.77556833	0.3396498938	145.8218725
797.5231396	0.2361382214	78.55435342	0.3420152362	151.4991205
876.5361886	0.2451177996	89.03425193	0.3503125871	158.2731539
956.7108369	0.2517542604	96.8230495	0.3550669702	166.4775721
1031.82136	0.258855363	103.2418927	0.361273925	175.9987303
1103.100125	0.2679975042	112.2474976	0.3711877208	184.8996794
1174.992355	0.2738985071	123.3733771	0.3769381975	193.6329411
1256.672831	0.2841909465	136.4894151	0.3829342715	200.9253583
1354.264186	0.2943858637	151.3900134	0.3927361777	209.9936461
1462.861907	0.2957875838	163.9978783	0.3954612436	220.8921808
1580.154486	0.2988773	179.2466838	0.3999584431	234.3030059
1707.056788	0.3161409143	200.7786117	0.4117285574	245.3685028
1846.291273	0.3337572885	226.7767313	0.4286215958	259.5693457
1978.289432	0.3402435425	241.2093803	0.4386587112	275.8766631
2101.057201	0.3423537677	254.545935	0.4431996628	294.5379204
2226.206198	0.3580757529	279.4941269	0.4537322175	307.3360188
2366.183491	0.3783728021	316.0572512	0.4726456737	321.3677871
2506.890184	0.3839554055	333.2227005	0.4819561591	338.7452785
2634.922084	0.3877517225	342.9145876	0.4905475433	359.4498674
2756.999537	0.3954654391	361.9838599	0.4931791679	372.8546304
2870.959686	0.4161145976	398.3634489	0.512042748	387.0237443
2930.777595	0.4372044148	403.1174888	0.5408521466	401.9526283
2996.625242	0.4117563474	389.9594894	0.5114749342	415.9317976
3069.52189	0.4186145166	414.7799744	0.5150659875	423.1613832
3153.994791	0.4296572354	450.9436	0.5237684531	431.3661964
3298.706148	0.4340933713	470.9130378	0.5298293717	440.5924066
3433.797469	0.4334783855	476.6994689	0.5324053502	459.2500638
3551.847638	0.4374126488	492.265335	0.5343288183	473.0645424
3656.762884	0.449134088	524.7416576	0.5440161877	488.1173069
3766.26732	0.4521444417	545.7250662	0.5476744555	500.6126396
3872.175613	0.4557057623	555.1240186	0.5546179804	518.3543975
3964.526623	0.4671484004	571.75254	0.5650407397	528.3688923
4048.935477	0.4687214323	589.6842959	0.5648363665	538.550414
4133.140948	0.4699465389	609.2242872	0.5651205327	548.1877254
4221.413332	0.4649510225	612.5209349	0.5641934854	564.9910434
4323.223374	0.4716397401	632.246034	0.5683423085	572.7282114
4419.504398	0.481621597	659.0334705	0.5780785362	583.1322861
4516.038447	0.4750160665	669.4464656	0.5700514924	590.9810993
4593.393958	0.4834866076	677.6766195	0.5850757623	607.2309151
4654.136931	0.4807539182	681.7735679	0.5799999327	613.8929149
4711.799474	0.4894956516	702.6536936	0.5888750846	622.6369984
4735.594004	0.4802460007	696.0165437	0.5804717832	628.4225399
4743.456403	0.473233765	677.4043412	0.5780686226	641.8590841
4724.372032	0.4833659055	682.0504536	0.5892851934	643.2697197
4738.971658	0.4736343884	693.4367119	0.5709561836	638.8286354
4748.985887	0.4856522391	712.2619142	0.5876930242	635.45506
4756.436005	0.4700335571	680.1647482	0.5762899839	640.1085346
4773.461734	0.4764494158	686.6164738	0.5813881288	639.2464916
4827.480386	0.4584679264	703.221286	0.5541394311	638.3113357
4854.361355	0.473245985	718.6041653	0.5780893569	644.3132459
4867.768813	0.4644705571	691.244314	0.5744605969	653.8721472
4881.445872	0.481416425	703.1701358	0.5888161659	651.3368923
4889.52581	0.4576225821	709.2547449	0.5510046135	646.2765166
4935.22431	0.4685772898	736.9152853	0.5700303625	648.0098013
4998.304323	0.4699861791	730.1098517	0.5766716727	657.4395576
5061.387858	0.48257678	737.3171153	0.5868323179	660.0574127
5124.68905	0.4648603016	751.909368	0.5589343851	661.3161965
5171.471326	0.4706512233	768.0226539	0.5723908094	670.0588549
5222.051664	0.4726085403	765.5798929	0.578874359	682.5472775
5266.183549	0.4850641627	773.1971304	0.5887696326	685.4742743
5308.077806	0.4635026389	777.7155155	0.5569526107	684.8632847
5355.875436	0.4731864958	796.9127512	0.5735313039	692.2110349
5364.372879	0.4817547219	788.5124086	0.5895590224	703.4651375
5385.298773	0.4815452558	780.5458239	0.5852032036	703.4941231
5412.553949	0.4696080437	799.8195994	0.5630592149	702.7218586
5449.355793	0.462978083	804.763578	0.5616770839	706.0970221
5521.726869	0.4712165572	810.1286868	0.5756428309	716.4154047
5575.735345	0.4819785371	817.4895094	0.586488716	719.804532
5614.602704	0.4662995673	823.8453845	0.5613236037	718.5378004
5666.433983	0.4604147901	832.9930443	0.5594086083	724.1296357
5718.834349	0.476333885	841.8580688	0.5817717102	737.3910283
5767.196741	0.4810226815	847.6329864	0.5852891485	741.1052131
5805.320962	0.471233834	855.3694373	0.5669081111	739.9158179
5834.731522	0.4683154876	860.4719832	0.5674209614	742.9674226
5863.430302	0.4676359382	858.1485689	0.5714960322	753.2280304
5887.895209	0.4801789751	863.0860844	0.5849512491	755.7314223
5919.148973	0.4643413372	868.4040751	0.5592898443	752.2015783
5954.753039	0.4593059685	871.7725807	0.556839118	752.9865061
5992.922537	0.4651273294	876.6525853	0.5677452518	763.4278993
6023.962127	0.4832739199	888.9976857	0.5871332136	766.6232403
6048.85262	0.4671957425	888.1410847	0.5611106566	763.5501771
6052.20668	0.4650931631	885.4254569	0.5632608345	764.7830967
6058.792014	0.4608387981	877.5059612	0.5636181039	772.3057686
6050.836443	0.4780026961	877.1509144	0.5837181379	773.4694707
6037.303921	0.4563750601	867.3689394	0.5515382574	765.9008489
6025.589856	0.4563836701	868.0161203	0.5554805814	762.6535684
6010.204413	0.4538509389	857.3438632	0.5558213603	765.9569565
6000.729234	0.476610523	864.5063838	0.5817656244	763.889183
6002.113998	0.4546323148	864.9317891	0.5497641478	756.4862544
6013.433584	0.4485444202	861.3684043	0.5468129918	756.6306304
6013.665011	0.4598604016	865.5254583	0.5648555111	763.7793912
6005.164609	0.4767605016	862.3149827	0.5817048122	762.0937945
5985.341339	0.4646938009	862.1055872	0.5583529534	754.9460462
5966.46151	0.4582904127	854.1681143	0.5568679879	752.4227685
5945.564723	0.4650143977	859.3655939	0.5674568126	757.1112731
5939.030588	0.480652355	861.3720494	0.5838962131	753.7200218
5946.035591	0.4733088552	867.455718	0.5720971944	746.7004732
5949.550001	0.460476063	865.3545838	0.5600069371	747.2000846
5939.819184	0.4693409169	860.7433949	0.575063203	757.0122987
5938.402184	0.4843029923	862.1157575	0.5895029031	754.7774826
5922.863852	0.4664089846	860.6230123	0.5613807888	747.0533396
5905.331815	0.4592258276	853.2249161	0.5607445505	745.8030938
5894.945924	0.4623877282	847.8457525	0.5721480418	752.7462654
5889.721621	0.4670486731	847.1407133	0.5742918867	749.5360798
5899.703251	0.4521630612	852.8082549	0.5504765272	743.1100161
5908.221732	0.4436442756	848.7392576	0.5478094834	744.5575857
5934.283566	0.4493013802	852.4873818	0.5582811965	754.4430642
5957.851097	0.4594876363	855.9882925	0.5692838282	754.9900225
5968.242824	0.4574486924	869.6150253	0.559471228	751.2139501
5991.489921	0.4512091208	867.9324008	0.5565224772	752.278431
6008.235547	0.449444017	863.0656977	0.5601001195	763.844876
6015.559005	0.4649874228	872.7543593	0.5760258264	765.9170423
6038.767436	0.4564637993	884.5755476	0.5563841622	759.0912928
6060.173045	0.4534439797	887.7695309	0.5571698216	757.9766048
6078.549534	0.4617799174	887.1403678	0.5720526444	768.4107323
6090.828317	0.4796551296	891.2252708	0.5911981717	770.5588793
6100.276077	0.4622544986	893.2653684	0.5627710602	765.3608089
6106.843797	0.4553946664	892.2356037	0.560337871	765.0613213
6105.803709	0.4584042083	888.1035525	0.570053853	773.3433946
6106.810449	0.471943621	891.064959	0.584708241	771.6618503
6116.70715	0.4496465184	888.3168741	0.5513224404	765.0611181
6118.779936	0.446184854	891.0636736	0.5533294353	765.4141852
6128.465814	0.4489891451	885.6841862	0.5621071726	773.7956533
6136.714504	0.464787404	890.6108207	0.5787273081	772.5462845
6111.609099	0.4605239993	890.8715894	0.5644903855	764.5616227
6091.395907	0.4472791546	872.5880244	0.552176549	758.2719005
6069.99555	0.4488692544	861.910021	0.5611733396	763.91402
6058.808208	0.4608566371	871.2930998	0.5731312946	761.6173323
6069.67148	0.4498213383	882.2539642	0.5533930563	754.6372992
6079.214091	0.4511274097	886.1015637	0.5594578603	754.1445347
6084.604319	0.4628634176	885.5337999	0.5768127381	762.36372
6086.002653	0.4738042471	885.3834577	0.5855378338	761.4840396
6081.352885	0.4624140859	893.2576458	0.564055331	754.7921177
6076.782734	0.4509237486	884.419598	0.5559141309	751.8459407
6071.030233	0.4547169629	877.7145738	0.5666597573	759.3065572
6056.456749	0.4719920238	876.3105206	0.5848418165	756.9222218
6045.915496	0.4508821407	867.726086	0.5533352386	749.6310906
6021.514419	0.4434103383	857.8342142	0.5510708614	747.8037595
5998.928367	0.4493561495	858.1211403	0.5619735815	752.2673198
5988.385639	0.4674842886	861.2722002	0.5791973567	747.7465355
5960.422217	0.4540909078	858.6031643	0.5555683054	737.6233889
5946.904241	0.4449669432	852.0112641	0.551354287	734.3572713
5932.113381	0.4484953711	846.5821852	0.5600898338	740.4262037
5918.611672	0.4616205806	848.2644989	0.5724997123	737.1627339
5914.33177	0.4488181284	847.7803046	0.5524436032	730.4818109
5908.828481	0.4405132859	846.6978784	0.5484481525	730.2333588
5909.969549	0.4515168119	852.4229927	0.5662145697	738.5288468
5922.790902	0.4624860416	855.3281349	0.5747082704	735.1849733
5932.711458	0.448764432	853.2793308	0.5509952798	730.784736
5937.668439	0.4410495548	850.9101369	0.5497539955	733.0150138
5945.190058	0.4431864937	844.6484574	0.5586017641	743.15922
5936.57703	0.4590522849	845.8708436	0.5753157916	743.9560413
5934.681967	0.4367390837	846.0766831	0.5424858092	738.0681176
5936.174534	0.4309504526	845.3186863	0.5413027008	738.2033236
5929.126995	0.4369072647	844.8239996	0.5543818815	746.9675855
5931.407427	0.4424636324	840.3977219	0.5592484355	745.0344266
5945.506125	0.4298081823	845.8438018	0.5372770486	739.0150419
5958.514786	0.4269534834	847.3685478	0.5395783064	741.364355
5970.935269	0.4371478708	854.8924319	0.5548626644	752.900926
5985.301887	0.4474570818	855.0878868	0.5633722295	750.6856791
5992.417597	0.442317244	867.6975878	0.5481550673	742.3721085
5988.174126	0.4431303543	857.627115	0.55569027	741.3147521
5996.156983	0.4471570872	857.2257673	0.5659006666	748.024763
5991.615338	0.4596531178	866.2667779	0.5771813288	747.1973462
6016.031151	0.4371126587	871.7926483	0.5423464723	740.2972631
6057.102838	0.4338579086	872.1732628	0.5446813367	741.408384
6082.02009	0.4412056175	872.2695389	0.5624597753	755.7364422
6090.178633	0.4523996858	867.4149632	0.5724789059	758.2178674
6083.525888	0.4282420454	863.1446237	0.534623604	753.8690627
6078.625392	0.4246100791	866.57822	0.5352688031	751.7589917
6083.964143	0.4396432185	870.4183089	0.5609381809	759.9561816
6096.643459	0.4503002807	868.0786451	0.5683251583	758.5794368
6123.824902	0.4328158476	876.4520173	0.5380569132	752.9878891
6128.914787	0.430844546	869.9240853	0.5431369402	755.6749688
6121.005404	0.4345685545	867.0755041	0.5555444487	765.5526938
6129.61227	0.4480823451	871.750008	0.5666135212	762.575138
6123.538986	0.4313288909	874.6367552	0.5374673951	752.804099
6114.394036	0.4198562078	851.1843642	0.5310503509	749.5274957
6109.011781	0.4256694492	849.5422432	0.5454906832	758.2645971
6108.09046	0.440735712	858.3456501	0.5586608537	754.2874147
6097.013712	0.4368553622	870.0671527	0.5442408059	745.1988396
6086.75209	0.4313487875	863.938351	0.5432606544	741.9666255
6083.501002	0.4309323383	852.5917881	0.5474291576	748.0301884
6071.901189	0.4473476201	856.5327005	0.5639348249	745.2675158
6038.22376	0.427425924	844.7913204	0.5335263322	736.8639437
6007.518414	0.4212112951	835.4358019	0.5314628766	733.5441146
5961.71417	0.4278598535	829.3006694	0.5443934386	736.3177279
5923.302928	0.440336354	829.0348649	0.5544588664	729.122328
5916.621244	0.421764184	828.2551322	0.5251456453	718.3081086
5914.371131	0.4243098706	837.0703827	0.5343825031	717.7473157
5904.625719	0.4343414626	828.6363278	0.5532986187	726.2976251
5888.443518	0.4478194852	828.1143151	0.5626876534	722.6396222
5866.568756	0.4292127212	820.0710637	0.5324563408	713.1769173
5847.800488	0.4200153001	812.8531522	0.5285536431	710.8178575
5845.426806	0.4301363191	819.0804464	0.5459078602	718.3192902
5845.947058	0.4330575317	807.7010886	0.5479233595	716.7980074
5832.482962	0.4209600448	808.9161418	0.5257093118	710.4272311
5821.121515	0.4189501282	807.1979921	0.5279551256	710.0564036
5818.274105	0.4222189326	805.4242536	0.5372559507	717.1438232
5826.50036	0.4272125632	800.8106857	0.542199946	716.8534945
5832.341545	0.4158072726	805.0627211	0.5212987548	712.2347873
5849.659892	0.4123746488	808.4392501	0.522482599	714.9874885
5863.6104	0.4172538908	809.7587455	0.5336655105	724.5362398
5880.013535	0.4229734983	805.2248203	0.5380530751	725.0088699
5910.38922	0.4128804433	818.6124206	0.5195313988	722.3092296
5918.24663	0.4040590982	805.9919623	0.5170221177	727.7135947
5900.218563	0.4107933299	795.8080878	0.5313518415	737.6071203
5870.653352	0.4173158575	788.2144841	0.5354695598	733.2252731
5846.768949	0.4067509033	798.4752745	0.5142182587	722.3274261
5846.717824	0.4025172288	803.9016762	0.5148007847	719.7186786
5854.089667	0.4035276599	795.7988612	0.5254335165	727.6212298
5851.476844	0.4153029029	791.8727792	0.5355283627	724.7843401
5848.829697	0.4044842013	798.6559793	0.5113337805	715.0308343
5843.770488	0.4013131262	802.503413	0.5125205598	712.3611667
5848.881647	0.4079726095	801.4822523	0.5263519652	719.4829009
5849.889061	0.4210977914	799.4035913	0.5396450623	716.5759135
5858.216416	0.4034036623	799.0379169	0.5079961538	709.09633
5851.521154	0.3988113309	793.1137356	0.5082718908	710.0984465
5850.671652	0.4008087583	790.0613519	0.5189661356	720.6713945
5858.959398	0.4151933053	793.5741377	0.532845215	719.8457998
5847.338991	0.4069728875	801.1708164	0.5123042206	712.5763568
5853.875434	0.4023515101	801.7124952	0.5106964194	709.8857726
5862.614488	0.3939923062	782.6188276	0.5100929049	717.9869088
5857.563139	0.4016489336	772.4723976	0.5204317074	719.0433006
5841.01581	0.3965809535	778.4733159	0.5046713929	712.8402645
5817.318444	0.3945066963	775.9365804	0.5043512684	707.8934791
5781.147366	0.3939220065	760.0259719	0.5096142466	711.3630558
5746.55381	0.4038660616	752.2616828	0.5201818998	706.5003747
5720.569173	0.3984752792	765.7433707	0.5039661859	696.3181172
5707.519622	0.3932467528	766.1009932	0.5022190864	692.2055095
5709.725891	0.4003290121	771.0784679	0.5161765025	698.1135346
5728.275908	0.4077406542	766.5287895	0.5226623521	698.0044394
5736.317193	0.3987115567	769.5016862	0.5047269646	694.7900776
5728.517394	0.3922445049	763.0324631	0.5024596877	696.3264383
5728.805583	0.3965303297	766.0119464	0.5126984925	703.6957605
5722.642411	0.4057642091	760.8648802	0.5218817725	701.7300596
5742.761672	0.4042884571	778.140285	0.5122436726	696.5082069
5759.704462	0.396935957	774.7740794	0.5077133317	697.7413151
5766.182081	0.4026181408	771.3732654	0.5218129504	706.7772624
5762.387208	0.4076820024	757.8958024	0.5255901916	704.8695658
5747.634683	0.403049228	768.935993	0.5079766934	698.1035258
5732.680102	0.3979886081	767.2047326	0.5067172248	730.4358742
5710.314506	0.3980237781	758.1054959	0.5129154074	990.6509813
5706.938622	0.4265238649	760.7438493	0.5393603144	1004.17805
5710.063537	0.4102232287	778.1691059	0.512502795	813.7789499
5721.897946	0.4089168738	777.6701726	0.5146447197	723.5342568
5737.833945	0.4207204187	778.5209649	0.5337583675	706.8155862
5758.47074	0.4317263671	779.9010067	0.5438328529	701.5783256
5782.838916	0.4271235973	792.6074873	0.5294694782	696.7832664
5816.025864	0.4104936645	788.8598228	0.5164835633	698.5198982
5844.077076	0.4223537721	794.0423431	0.5357494645	710.5617026
5864.092614	0.4274508865	785.2772058	0.5400399389	711.3872013
5889.336356	0.4183318035	797.5224808	0.5201858817	705.6043054
5904.951736	0.4114700945	797.6729516	0.519132253	708.3353424
5915.859619	0.4139141463	787.6398973	0.5287070194	718.2493372
5924.113707	0.418672322	775.9430509	0.5326000537	717.5255724
5926.96984	0.4126304086	793.6906039	0.5160792794	711.813937
5924.68315	0.4074095364	788.5580522	0.5143066502	711.5305234
5932.553706	0.4100318346	787.2857244	0.5245477993	718.923259
5937.821827	0.4115625038	768.5280269	0.5251122906	717.8422554
5943.680103	0.4080020347	786.905237	0.5112870391	712.5352078
5941.023913	0.4066754797	785.1016667	0.5139933271	713.5166372
5935.735817	0.4168694608	789.762063	0.5289088443	720.7050967
5930.26178	0.4111464128	759.9393612	0.5230907502	717.6608605
5915.128271	0.4125256843	786.2229365	0.5151283846	711.1511068
5912.026686	0.403376387	776.8972209	0.5105620299	709.8495044
5909.657084	0.4099247337	777.2554266	0.523003609	716.3158861
5903.913248	0.4189695605	771.237657	0.5320619439	714.2807374
5905.253716	0.4057355518	776.7370818	0.5076076704	706.7152816
5896.131854	0.4012162553	769.6269773	0.5070520399	704.2068562
5887.436247	0.4050698119	767.336359	0.5176107487	710.0279221
5883.70964	0.4104160669	755.9654123	0.520932808	706.662968
5858.871673	0.408886173	769.617838	0.5098970269	699.792834
5838.424359	0.3990671814	755.7095488	0.5027626975	695.0947799
5820.006983	0.3999199959	750.3148719	0.5114372301	699.3660092
5801.584756	0.4101743433	750.1957571	0.5210594076	695.100559
5797.987416	0.4088201145	768.0013657	0.5096265556	688.1255851
5804.559548	0.3962913178	760.2613857	0.5005545101	686.1269341
5819.373998	0.3900999493	762.3750832	0.5022012783	694.7049898
5835.431709	0.3976002719	755.4065966	0.5099484383	694.3517405
5828.209409	0.3882534324	755.5039703	0.4919243947	690.4731268
5818.176546	0.3833289502	751.253663	0.4890331984	688.6478657
5814.212753	0.3863720489	754.2670773	0.496909153	693.7564914
5820.602575	0.3923417108	754.9888756	0.5045522333	692.9567361
5851.50243	0.3870442019	771.4990244	0.4909477699	689.1687794
5878.086418	0.3817828541	767.7289958	0.4887028629	691.8805831
5892.948059	0.3827204663	762.6246207	0.4950462513	701.5163926
5901.934783	0.3929103175	763.1079491	0.5046408143	701.7299808
5913.240282	0.3881853964	777.8972718	0.4900142343	698.0002853
5926.126541	0.3834656384	774.7979703	0.4892839624	700.4959159
5949.878768	0.3874050548	782.6343959	0.5005353383	711.3261815
5989.400508	0.392034158	783.061081	0.5039115168	714.1959893
6013.614291	0.3797265289	787.9182398	0.4856288213	715.3426739
6033.677361	0.376990362	786.6855365	0.4868449228	718.2138601
6053.039758	0.379694166	790.3125346	0.4948120628	727.2762596
6051.338098	0.3865088837	783.040424	0.5012237081	726.1043188
6082.528658	0.3805067495	802.6218817	0.4898510534	721.1027343
6106.363382	0.3731607417	797.8191574	0.4851908247	724.7183368
6120.229596	0.3737168116	791.2126418	0.4902030548	735.1666762
6128.20356	0.3804565577	782.4091448	0.498244435	733.5956969
6135.413763	0.3748420875	801.5897657	0.4799965792	726.065664
6147.373332	0.3715609506	800.4054616	0.4821989899	725.0274394
6153.619677	0.3804965169	807.6044684	0.4967869891	732.5944188
6168.614816	0.3831148911	794.8528583	0.4993268755	731.187245
6180.755183	0.3690060982	800.9643889	0.4752800498	727.0806609
6178.507731	0.3686928747	801.9537531	0.4793655078	729.9038879
6171.381279	0.3784991647	806.6649499	0.4949004092	738.8741651
6164.322539	0.3802207494	789.7501035	0.4951431047	734.1349242
6145.71134	0.3728297702	799.7497813	0.4775490398	724.875586
6138.026577	0.3748118223	805.2844838	0.4835996136	724.0419605
6148.399297	0.3777440838	807.0050041	0.4910666493	730.4439533
6158.178049	0.3887588714	810.23742	0.5028574623	728.9827327
6177.754271	0.3734788812	810.0233959	0.4783927385	724.36553
6204.208547	0.3732936695	816.305419	0.4829743165	729.2212001
6230.074509	0.3756577789	819.1838281	0.4902247585	739.0918137
6258.479361	0.3812582278	815.8959565	0.4954160426	739.1438335
6255.574504	0.3682682243	809.5445937	0.4748937271	734.3608691
6243.169633	0.363427464	800.4007833	0.473866809	733.4723702
6221.855247	0.3692839642	802.4725455	0.4848889227	736.9206186
6200.332123	0.3789030331	799.0403308	0.4919629382	730.8488392
6187.51835	0.3659589277	789.5892955	0.4701998394	722.7828366
6160.793936	0.3683911391	791.3955351	0.478745259	721.8463217
6132.996518	0.3721320823	789.1925215	0.4880599109	725.1018457
6108.316817	0.3759006011	777.8430089	0.4883887722	718.0484889
6096.895268	0.3645770285	773.2851299	0.4676088501	708.5732416
6090.999116	0.3594788335	766.1847388	0.469049309	708.4739309
6083.784549	0.3651753235	768.9421261	0.4803090312	715.543727
6077.45307	0.3721362461	765.149649	0.4857059658	711.1650371
6076.523621	0.3637373645	769.6022066	0.4658456403	703.6499504
6088.341878	0.3617664011	770.5540188	0.4701764427	706.0002881
6097.030788	0.3656428167	771.0001463	0.4801518284	715.7358515
6099.091003	0.3715516691	766.3795593	0.4853932048	715.0801111
6095.608879	0.3685748897	773.2805899	0.4709640169	710.3363675
6092.096721	0.3627502957	763.2595186	0.4689865143	710.3553299
6098.485138	0.3663910995	769.1179461	0.4795856413	718.6620659
6121.574092	0.3716135345	769.2911959	0.4840816676	718.5546427
6149.419985	0.364099064	784.4672255	0.468255418	716.9938359
6169.566647	0.3589332027	775.1955368	0.4682840583	720.8697977
6184.919887	0.363023559	775.2577311	0.4780317082	730.2480853
6184.074877	0.3678687522	764.2967045	0.4808940574	728.4897653
6175.770952	0.3726645969	788.3443854	0.4752124386	722.1741967
6190.62882	0.3628440581	781.735488	0.4700861675	720.466122
6197.652156	0.3622721716	771.7401614	0.4778731157	729.7975483
6198.830009	0.3694892622	763.7585878	0.4832261401	727.8501088
6222.411055	0.3651710084	780.347397	0.4659556409	720.796252
6236.837582	0.3612719931	783.8349754	0.4681988792	724.5346094
6251.945537	0.3675952507	786.0740775	0.4806865738	735.649883
6282.389047	0.3762762241	788.7257935	0.4881286206	736.7360542
6313.250568	0.3683313612	802.8546236	0.4704701534	734.8201836
6332.982733	0.3680158932	804.7177582	0.4751311909	739.6590603
6356.824016	0.372677498	803.9415748	0.4864284305	751.6177938
6382.884308	0.3739619582	791.9997232	0.4851082906	753.3114584
6399.68311	0.3677874988	807.9837978	0.4703137347	751.4441176
6424.18002	0.3693590478	819.3475871	0.4781845737	755.3198778
6455.618259	0.3751594298	825.5075618	0.4906198792	765.6544548
6483.352012	0.3798056445	822.3025529	0.4933690668	763.8890391
6509.264375	0.3750684423	835.7286603	0.4787021217	760.1601179
6529.406979	0.3685272671	823.4419026	0.4760759308	762.1981867
6540.852049	0.3729659898	825.2529013	0.4877228816	771.8809428
6554.919977	0.3800172076	825.3367095	0.4937029527	769.7608693
6575.61234	0.3706738267	839.3915918	0.4753264517	763.5824053
6600.591656	0.3709923155	839.8493319	0.4783616733	764.1322214
6617.240519	0.3822949186	849.2437501	0.4956119253	775.6970292
6624.713386	0.3892616074	840.80847	0.5003778692	773.3263118
6659.368141	0.3823050382	865.4758341	0.4826234363	766.7911312
6685.027887	0.376187241	859.8351956	0.4846703811	771.8613207
6711.308496	0.3836168558	865.6808521	0.4983622098	783.3656488
6757.100236	0.3850569466	854.2229524	0.4962904233	782.7191094
6778.332688	0.3767006572	868.3979749	0.4773275863	779.3789709
6803.89616	0.3751092368	869.8702222	0.4824321082	784.2212912
6831.864535	0.3802938339	871.3329826	0.4935863972	795.5651408
6837.026901	0.3848586652	859.0736513	0.4958985054	794.5832103
6859.03091	0.3767212897	880.4649832	0.4770523012	788.137194
6882.08381	0.378182154	892.1737403	0.4864905256	792.6646197
6918.55872	0.3835896602	898.6710852	0.4983456431	803.2307201
6957.557856	0.3816250516	879.594698	0.4938756791	803.3973541
6986.054033	0.373894031	891.2848882	0.4753359721	800.0204762
7004.943623	0.3745888939	894.7814712	0.4819064028	806.3938022
7018.828085	0.3827451823	904.7825703	0.4950439482	817.5628341
7045.221742	0.3877771782	901.8056528	0.4978357593	815.7769311
7060.153871	0.3777545502	916.2709491	0.4803530727	812.261024
7083.109056	0.381764048	925.5398546	0.4895344749	814.6584066
7119.019839	0.3883088831	932.4947883	0.5004157354	824.5085113
7154.480051	0.3941427666	929.7329549	0.5045878882	825.4602501
7191.753034	0.3833367215	939.1466729	0.4843617499	824.3729498
7220.03636	0.3852761588	944.8800755	0.4935746653	830.8142358
7241.299666	0.3913579495	948.7629519	0.5036130104	840.2545936
7257.999951	0.3928419734	935.4744829	0.5028474686	838.2850647
7275.900859	0.3805305603	943.4272472	0.483100866	834.3757074
7307.769525	0.3822930729	952.6816227	0.4895223245	837.200646
7340.097427	0.3902278034	962.6186194	0.5019420128	847.7559376
7379.275505	0.3945791631	958.8361289	0.5042536459	847.260478
7420.379858	0.3847078006	970.9421291	0.4861808789	846.6625159
7453.945821	0.3823765251	968.6846931	0.4899423772	853.0910281
7476.33268	0.3881529391	969.7523292	0.5009661443	865.5401975
7491.865836	0.3982892713	973.5533695	0.5081002244	864.2260716
7526.100732	0.3852951566	987.8153486	0.4848119522	859.4834842
7555.948067	0.3877039406	997.8650681	0.494445616	865.6927341
7587.752997	0.3948699865	1007.044281	0.5078931478	879.5777949
7622.945834	0.398466621	999.2197465	0.5090773435	878.8459582
7648.151121	0.3869325089	1004.082278	0.4876542849	878.1370871
7674.37049	0.3890769429	1012.801759	0.4953853437	884.8966155
7700.258942	0.3932895211	1013.540866	0.5065434421	897.4073416
7719.836569	0.3935120672	995.2389974	0.5044139247	895.5995396
7764.037628	0.3854070982	1026.65918	0.4873384727	890.8955693
7805.563514	0.3884332222	1035.438281	0.4965785853	895.9579378
7843.423898	0.3913079143	1030.930248	0.5048053735	908.3518008
7880.887221	0.3969061751	1022.448869	0.5080368154	907.9545168
7904.294395	0.3894368691	1041.001539	0.4890445363	903.4978678
7916.316905	0.3927336916	1047.257914	0.4991741941	906.8864619
7931.669471	0.3976664607	1046.655186	0.5099636859	916.0485923
7950.420276	0.4076130087	1047.801979	0.5163048108	913.0347
7969.316723	0.3950652552	1063.252663	0.4943174551	907.4430412
8017.659604	0.3923989615	1066.740684	0.498322166	912.2220666
8056.033595	0.398659821	1064.209519	0.5103510434	927.3640125
8095.982181	0.4024215971	1059.291479	0.511803357	927.5511262
8120.04286	0.3966150541	1080.124994	0.4964461565	924.7431222
8150.927724	0.3961104633	1090.387705	0.5019451666	929.570184
8187.615719	0.4021649467	1089.588064	0.5123399114	940.9948457
8223.467425	0.4082880401	1086.428709	0.516027283	940.9400729
8263.034829	0.400830605	1106.721348	0.500538965	938.4480158
8294.331832	0.3970505234	1109.567386	0.5035289145	943.929464
8304.064302	0.4031508656	1105.178393	0.5156482413	955.1401007
8317.217672	0.4041571984	1090.341499	0.5132701708	949.3823661
8336.722073	0.3923754363	1095.200249	0.4931732326	944.5710174
8329.211929	0.3970513177	1105.576265	0.5038488862	945.7332887
8328.979032	0.4034004081	1099.966317	0.5152467405	952.2196764
8335.783384	0.40928681	1094.526127	0.5166021074	944.2273699
8331.117649	0.3985231104	1095.236655	0.497394826	936.7809835
8330.018647	0.398228702	1098.209035	0.5031951223	939.2736646
8328.854909	0.4038656972	1095.52454	0.5144484918	948.5825306
8307.468299	0.4077396641	1078.461128	0.5159301086	943.0447087
8312.42377	0.3942243165	1085.788741	0.4930076864	934.9684787
8309.158543	0.3975466453	1092.520726	0.5029749285	938.8528047
8315.8473	0.4062988656	1100.160464	0.5169522009	948.0717814
8329.330935	0.4128232312	1090.70417	0.5195811018	943.3962589
8310.972385	0.4018053098	1091.04656	0.4996626837	935.8018038
8311.443569	0.403570389	1099.398602	0.5075162569	937.6668534
8316.063571	0.407457129	1099.532493	0.5179590222	947.3549194
8327.549527	0.4154830614	1098.16691	0.5215753028	941.4972392
8335.248994	0.3977487097	1089.626195	0.4964245287	936.033694
8350.505456	0.3956227206	1090.132496	0.501016869	939.4823643
8361.717479	0.3976442657	1083.348387	0.5092485247	950.9736658
8364.199477	0.4044438143	1078.968021	0.5125965319	946.0944126
8370.809306	0.3969595923	1087.65006	0.4962589975	939.7899118
8363.205288	0.3954850374	1082.279966	0.500148024	941.446576
8368.559917	0.3984177277	1082.023704	0.5085694486	950.393936
8366.119924	0.4052985494	1078.32832	0.51439586	948.0017198
8373.770612	0.3946145289	1087.364571	0.4957246573	941.7043584
8392.465933	0.3931901562	1086.781536	0.4980850731	943.5315746
8393.530529	0.3935239094	1071.512425	0.5025771108	955.1640735
8388.883072	0.4065787148	1071.99812	0.5131126636	953.0958547
8394.250512	0.3960993673	1087.203323	0.4936409144	944.5151871
8390.704521	0.3962712141	1091.296921	0.5011355225	946.3561237
8405.010538	0.3978931662	1090.019245	0.5075307824	953.6931094
8437.37118	0.4053506728	1087.328197	0.5123946719	950.8292347
8458.112771	0.3964881683	1101.664467	0.4942209023	946.8082184
8475.371655	0.3951805538	1097.049085	0.5005402293	952.9444834
8480.945111	0.4024103664	1098.239055	0.5114026177	964.262285
8478.983566	0.4047893113	1082.966682	0.5109899785	961.1304455
8497.692081	0.3964798981	1110.223447	0.4943972429	953.3178226
8526.596613	0.3948794197	1111.459966	0.4992325218	957.0317162
8563.822419	0.3994077016	1117.10455	0.5084833304	968.0533105
8604.935726	0.4072299999	1115.868769	0.5149553934	967.428572
8623.15819	0.3974508114	1123.695604	0.4969724611	963.2898658
8654.598787	0.3959801343	1128.581073	0.4996762444	967.2474936
8662.587839	0.3973719916	1112.93922	0.5076123574	980.8021285
8672.697464	0.4036400158	1108.744807	0.5111170093	976.7956732
8692.532241	0.3951801759	1133.278644	0.4943041458	969.1503474
8693.756145	0.3960100037	1131.249367	0.5001386814	970.9872726
8718.132754	0.3973910592	1127.585338	0.5052864124	979.7570085
8742.68793	0.4000303069	1118.197585	0.5078036561	979.3173495
8747.495962	0.3807790513	1101.989746	0.4812357116	976.68358
8731.105281	0.3873438433	1111.142755	0.4950176912	978.6809424
8721.863416	0.3921583629	1112.560493	0.5020889794	980.0715921
8711.827914	0.3955651458	1098.839674	0.5013994882	971.1585203
8704.622698	0.3864510266	1108.038035	0.4848594363	964.642019
8691.426053	0.3858898635	1101.665517	0.4924422383	968.3897372
8646.53564	0.3949674666	1097.87086	0.5051578961	974.1293039
8601.004068	0.398081324	1077.789995	0.5027569787	961.8558258
8570.32096	0.3886311213	1086.50824	0.4842311885	948.785801
8553.064607	0.3894263388	1088.278622	0.4925424514	949.4317312
8548.393772	0.3951477227	1090.398875	0.5030227722	954.830743
8554.727569	0.3993232081	1085.91252	0.5037348944	949.3408856
8536.748713	0.3916490657	1072.983314	0.4925550339	942.9867909
8556.556164	0.3833160718	1087.713741	0.4871091856	944.4145793
8550.216238	0.39183602	1087.903795	0.5007483188	955.5924428
8540.151625	0.3941299436	1076.810701	0.4993498736	950.0883393
8566.297314	0.3834229953	1088.611028	0.4813946115	942.9137575
8573.71106	0.382713198	1092.623517	0.4860749021	948.0349005
8594.50815	0.3884919503	1089.028308	0.4969714334	959.5276704
8656.746622	0.3928285305	1091.7991	0.4972476054	956.1690268
8666.577683	0.3866025139	1098.695614	0.4846018917	957.3521721
8681.901619	0.3850084229	1107.086416	0.4893414285	962.7491493
8733.171087	0.3899023131	1116.680835	0.4986176428	976.888413
8740.679519	0.3958261511	1117.853069	0.5026827936	977.0182937
8802.068372	0.3846030874	1128.33011	0.4839484235	970.9387857
8854.030393	0.3851785624	1139.097764	0.4902724354	981.6556397
8883.510003	0.3893035686	1138.015605	0.4983853949	997.1552115
8905.432981	0.3942344159	1130.578685	0.5023855482	994.7487751
8932.999245	0.3786257546	1130.27717	0.4777718125	988.8282218
8946.894909	0.3779502523	1128.878755	0.4842669361	992.9442416
8944.896911	0.3856259163	1129.514485	0.4967270644	1003.382967
8932.169454	0.3902167042	1110.517644	0.4973545041	995.9085992
8914.888843	0.379795969	1118.696111	0.4770490204	983.9591389
8903.206648	0.3815348899	1125.495019	0.4861496294	984.3234074
8902.375696	0.3903879877	1131.559151	0.4986906706	992.5893921
8896.063134	0.3933554859	1111.994683	0.4991640897	988.261156
8891.638102	0.3864281288	1133.607227	0.4832911508	979.1497004
8899.730456	0.384312156	1136.417587	0.4883436137	982.5723525
8922.828103	0.3862643807	1131.76196	0.49347101	993.2452278
8957.847733	0.3923487235	1124.550656	0.4991245059	993.2993051
8986.55885	0.3866765409	1144.256192	0.4841774103	991.125779
9024.790906	0.3815488786	1139.118216	0.484446868	998.9610376
9059.684611	0.3869761959	1147.991648	0.4950924036	1012.881348
9113.867617	0.3881828257	1145.148369	0.4948244266	1013.896016
9120.551222	0.3759086789	1138.916933	0.4753953615	1010.368559
9135.948615	0.3773848414	1157.023393	0.4825939638	1011.850568
9162.321118	0.3832741016	1169.477848	0.4931279338	1019.402135
9178.493539	0.3866704604	1155.881576	0.4926739946	1016.381209
9246.146954	0.3752798639	1165.906513	0.4737969911	1012.383695
9280.664025	0.3763548089	1175.3043	0.4825412777	1021.99224
9303.242461	0.3792729788	1173.370574	0.4907974108	1035.383023
9325.132031	0.384975132	1161.851307	0.491612355	1030.959959
9339.876352	0.3808427154	1186.509293	0.4794176427	1024.84133
9356.909628	0.379118201	1183.164933	0.4835053835	1028.061081
9359.838601	0.3858185624	1185.930712	0.495311499	1037.145359
9375.99032	0.3887987773	1177.466362	0.4946736512	1032.510242
9400.533366	0.381123695	1194.320859	0.4786116922	1027.342001
9403.302597	0.3831188322	1194.447014	0.4876527812	1035.68609
9425.823855	0.3869315238	1191.900556	0.4943370362	1045.660478
9431.18487	0.391276303	1182.973736	0.4959180799	1041.882001
9433.069495	0.3849447661	1200.947339	0.4824952514	1034.180564
9444.117375	0.3827014897	1193.81224	0.4871418557	1038.469201
9442.905174	0.385256295	1190.877498	0.4945055224	1047.613232
9444.145974	0.3880752196	1177.473475	0.4936479358	1041.182074
9473.376266	0.3765591979	1196.893623	0.4750672324	1035.086377
9504.275245	0.3796212468	1206.549812	0.4845838393	1042.294345
9529.157763	0.3835903725	1202.804452	0.4928843308	1053.925947
9558.628739	0.3899990617	1199.789903	0.4951347764	1049.38948
9580.623832	0.3742776191	1200.352751	0.4711942073	1044.558057
9582.939934	0.3806658141	1211.761763	0.4857969215	1050.482845
9596.846136	0.3858369215	1212.590728	0.493158074	1058.685425
9612.021254	0.3887689343	1202.186582	0.4926671398	1052.208336
9600.457881	0.3806498229	1210.305964	0.476717773	1044.491233
9603.498259	0.3859395918	1222.599392	0.4895961645	1047.404666
9630.436842	0.3880746933	1225.900942	0.4940539728	1055.53606
9671.217274	0.3933703677	1229.918247	0.4970371948	1052.990532
9674.452704	0.3810282885	1215.869515	0.4798377948	1052.226404
9683.60518	0.3855885198	1222.249386	0.4892756904	1056.920299
9670.352375	0.382304779	1201.544113	0.488129316	1065.467863
9626.214457	0.3869248814	1192.684155	0.4913066733	1058.692442
9647.217494	0.3775290117	1217.88628	0.4763396928	1048.556333
9687.484035	0.3762667393	1222.851974	0.4809805945	1054.010063
9714.29708	0.3803100329	1221.309475	0.4900717409	1067.5955
9754.425618	0.386883082	1219.791189	0.4932260253	1065.933175
9785.859553	0.3772885764	1227.186796	0.4735541787	1061.589778
9810.760566	0.3764836919	1232.616827	0.4810350234	1069.997523
9816.240006	0.38082932	1220.564519	0.4898530533	1083.24964
9799.722975	0.3893059667	1209.749397	0.4941668758	1079.533421
9755.487215	0.3776114852	1214.669115	0.4748465375	1071.81042
9770.834637	0.3746074462	1236.364481	0.4784992433	1071.878166
9815.817583	0.3774700532	1238.565496	0.4866422798	1081.938309
9875.162839	0.3795850772	1222.337958	0.4871771904	1081.573498
9942.151175	0.3716411506	1239.420865	0.4707802371	1078.090717
9963.321934	0.3714298303	1248.807119	0.4766684485	1087.027756
10001.74162	0.3745380785	1256.264254	0.4842739253	1096.420789
10041.84457	0.3776193088	1240.909198	0.4843401875	1096.704809
10105.89469	0.3728521592	1273.179857	0.471733236	1093.666923
10150.18632	0.3734977762	1275.035655	0.4783218626	1102.881298
10153.35336	0.3776334434	1268.335064	0.4870304958	1116.124281
10186.44365	0.3789975828	1259.941594	0.4843757704	1110.703911
10184.71389	0.3729599554	1269.629305	0.4705010783	1105.927716
10174.90684	0.3738642284	1274.047903	0.4788462157	1111.013713
10196.02186	0.3797838413	1283.160744	0.489294085	1117.904665
